run	eval	millis	bestQuality	curQuality
0	1	27077.47119140625	12211.558837890625	12211.558837890625
0	2	50360.73486328125	10937.46728515625	10937.46728515625
0	3	70629.71264648438	10670.9013671875	10670.9013671875
0	4	92608.84545898438	9513.650390625	9513.650390625
0	5	117423.98657226562	9513.650390625	12086.69873046875
0	6	139233.7470703125	9513.650390625	10926.734619140625
0	7	159900.18823242188	9513.650390625	11057.097412109375
0	8	184963.69848632812	9513.650390625	12044.226806640625
0	9	212208.89916992188	9513.650390625	17751.9423828125
0	10	232849.71362304688	9513.650390625	10950.681640625
0	11	253288.66430664062	9513.650390625	10931.939697265625
0	12	273901.8620605469	9513.650390625	10923.632080078125
0	13	294011.8322753906	9513.650390625	10527.371337890625
0	14	319071.1943359375	9513.650390625	12011.590087890625
0	15	343789.64453125	9513.650390625	11959.572265625
0	16	364509.65625	9513.650390625	11035.050537109375
0	17	384294.3857421875	9513.650390625	10290.1669921875
0	18	409688.3483886719	9513.650390625	12336.82275390625
0	19	428381.48876953125	9189.310302734375	9189.310302734375
0	20	453198.7092285156	9189.310302734375	15157.823486328125
0	21	478209.3718261719	9189.310302734375	15397.256591796875
0	22	498850.69873046875	9189.310302734375	10962.160888671875
0	23	519201.1066894531	9189.310302734375	10740.939453125
0	24	540383.0993652344	9189.310302734375	11381.158935546875
0	25	568918.1166992188	9189.310302734375	19030.602294921875
0	26	589732.8159179688	9189.310302734375	11119.148681640625
0	27	609973.2944335938	9189.310302734375	10746.697509765625
0	28	635277.48046875	9189.310302734375	12278.9755859375
0	29	655847.07421875	9189.310302734375	11076.172119140625
0	30	680306.1916503906	9189.310302734375	14778.647705078125
0	31	701681.830078125	9189.310302734375	11865.322998046875
0	32	723301.5202636719	9189.310302734375	11829.280517578125
0	33	744288.5275878906	9189.310302734375	11487.365966796875
0	34	777316.4221191406	9189.310302734375	23338.352783203125
0	35	821473.1796875	9189.310302734375	34646.105712890625
0	36	841693.8459472656	9189.310302734375	10324.188232421875
0	37	862739.0512695312	9189.310302734375	11442.089599609375
0	38	887595.1184082031	9189.310302734375	11973.21142578125
0	39	908128.1403808594	9189.310302734375	11034.8369140625
0	40	928629.1311035156	9189.310302734375	10822.484375
0	41	948974.8093261719	9189.310302734375	10740.3701171875
0	42	974074.0712890625	9189.310302734375	12059.443603515625
0	43	995011.9621582031	9189.310302734375	11455.1982421875
0	44	1018850.7958984375	9189.310302734375	14160.900634765625
0	45	1053742.1157226562	9189.310302734375	25377.6396484375
0	46	1074434.2680664062	9189.310302734375	11009.7509765625
0	47	1094471.1311035156	9189.310302734375	10539.89599609375
0	48	1119677.1662597656	9189.310302734375	12163.383056640625
0	49	1144566.6218261719	9189.310302734375	15391.088134765625
0	50	1166064.3776855469	9189.310302734375	11853.976806640625
0	51	1187688.4807128906	9189.310302734375	11926.218994140625
0	52	1216263.8312988281	9189.310302734375	18788.1455078125
0	53	1236268.1977539062	9189.310302734375	10504.713134765625
0	54	1260729.1728515625	9189.310302734375	14789.495361328125
0	55	1283426.5358886719	9189.310302734375	13183.804931640625
0	56	1303817.6533203125	9189.310302734375	10704.437744140625
0	57	1324533.4482421875	9189.310302734375	11124.17041015625
0	58	1349761.0002441406	9189.310302734375	12184.544189453125
0	59	1374672.2426757812	9189.310302734375	12168.832275390625
0	60	1395415.0068359375	9189.310302734375	11064.884033203125
0	61	1415668.9191894531	9189.310302734375	10753.674072265625
0	62	1440687.8989257812	9189.310302734375	11987.01904296875
0	63	1460203.0056152344	9189.310302734375	10021.587890625
0	64	1485252.0322265625	9189.310302734375	15367.970703125
0	65	1510234.2927246094	9189.310302734375	15486.158203125
0	66	1531057.8349609375	9189.310302734375	11159.9013671875
0	67	1551213.8981933594	9189.310302734375	10559.083251953125
